baseline: 0.35666446762074266
bottom_depth_cm: 150.95263671875
focal_length_px: 426.4611225510785
mean_depth_cm: 143.0816650390625
plant_height_cm: 15.741943359375
plant_type: Spathiphyllum wallisii
top_depth_cm: 135.210693359375
