%YAML:1.0
---
mtx_l: !!opencv-matrix
   rows: 3
   cols: 3
   dt: d
   data: [ 537.95136527888599, 0., 324.16552249749611, 0.,
       534.78306226785753, 244.58128681921525, 0., 0., 1. ]
dist_l: !!opencv-matrix
   rows: 1
   cols: 5
   dt: d
   data: [ -0.10258603766401626, 0.40949948809171055,
       -0.0034372344040389281, 0.0016410692200979089,
       -0.58818654138724846 ]
mtx_r: !!opencv-matrix
   rows: 3
   cols: 3
   dt: d
   data: [ 484.04503051671708, 0., 316.33985973147941, 0.,
       489.83154615879164, 239.73216510889259, 0., 0., 1. ]
dist_r: !!opencv-matrix
   rows: 1
   cols: 5
   dt: d
   data: [ 0.071945584433027843, -0.29385423497995877,
       -0.0025616618890606235, -0.0034762589039388629,
       0.098241431111921809 ]
R: !!opencv-matrix
   rows: 3
   cols: 3
   dt: d
   data: [ 0.96246263374458996, 0.036161448134335639,
       0.26899447636383716, -0.013082545626889902, 0.99611365627038584,
       -0.087100119354475106, -0.27109873781585109, 0.080311477762964989,
       0.9591952569181007 ]
T: !!opencv-matrix
   rows: 3
   cols: 1
   dt: d
   data: [ -3.2086507451772106, -0.088976286820475953,
       1.0508351242122176 ]
E: !!opencv-matrix
   rows: 3
   cols: 3
   dt: d
   data: [ 0.037868957511417028, -1.0538970347967911,
       0.006182232444373781, 0.14152837417118236, 0.29569120281235883,
       3.360391419862903, 0.12761367112858446, -3.192963314092125,
       0.30340799255383305 ]
F: !!opencv-matrix
   rows: 3
   cols: 3
   dt: d
   data: [ -9.4412389263658353e-07, 2.6430732027587435e-05,
       -0.0062413252034766147, -3.4868091016196017e-06,
       -7.3280500603394653e-06, -0.04161404153409938,
       -0.00040546364889190235, 0.032156294188964304, 1. ]
