%YAML:1.0
---
mtx_l: !!opencv-matrix
   rows: 3
   cols: 3
   dt: d
   data: [ 1006.9363724940756, 0., 317.49385212654181, 0.,
       976.65843543386075, 212.71027442341654, 0., 0., 1. ]
dist_l: !!opencv-matrix
   rows: 1
   cols: 5
   dt: d
   data: [ 0.76588436741023047, -3.4680728080447802,
       -0.022116025307224084, -0.013712522961898767, 8.9102331028991983 ]
mtx_r: !!opencv-matrix
   rows: 3
   cols: 3
   dt: d
   data: [ 561.74577530382157, 0., 298.87434109871225, 0.,
       535.65389727351908, 188.20617352871881, 0., 0., 1. ]
dist_r: !!opencv-matrix
   rows: 1
   cols: 5
   dt: d
   data: [ 0.20740136313816601, 0.68305049594752598,
       0.015201811909372592, -0.01486128454205915, -8.9829747370515989 ]
R: !!opencv-matrix
   rows: 3
   cols: 3
   dt: d
   data: [ 0.99604613707977396, 0.05857504450242814,
       0.066791144398031119, -0.059836382346409367, 0.99806271873204422,
       0.017041620371742863, -0.06566353749345516, -0.020970780594409332,
       0.9976214343151949 ]
T: !!opencv-matrix
   rows: 3
   cols: 1
   dt: d
   data: [ -3.9812415374633408, 0.34024834790062325, 1.7998545944087931 ]
E: !!opencv-matrix
   rows: 3
   cols: 3
   dt: d
   data: [ 0.085354877529527362, -1.803503043269435, 0.30876660613374335,
       1.5313158131004367, 0.021936820189902208, 4.0919862410700274,
       -0.10067996172512766, -3.9934588149297623, -0.090572383425486194 ]
F: !!opencv-matrix
   rows: 3
   cols: 3
   dt: d
   data: [ -1.8527872617927501e-07, 4.036206852865762e-06,
       -0.0014746024843972684, -3.4859208809001024e-06,
       -5.1485597510494656e-08, -0.0082619901190289589,
       0.00083421344250014242, 0.0038238549358378198, 1. ]
