baseline: 3.9812415374633408
bottom_depth_cm: 709.6529541015625
focal_length_px: 1006.9363724940756
plant_height_cm: 3122.47314453125
top_depth_cm: 3832.1259765625
