baseline: 3.5666446762074266
bottom_depth_cm: 142.70948791503906
focal_length_px: 426.4611225510785
plant_height_cm: 438.038818359375
top_depth_cm: 580.748291015625
