%YAML:1.0
---
mtx_l: !!opencv-matrix
   rows: 3
   cols: 3
   dt: d
   data: [ 426.46112255107852, 0., 349.66922576863982, 0.,
       409.58297058513483, 243.34440298229418, 0., 0., 1. ]
dist_l: !!opencv-matrix
   rows: 1
   cols: 5
   dt: d
   data: [ 0.32826675576663972, -1.3117244110960866, 0.0238041886661268,
       -0.0536516741856835, 2.9036729752298283 ]
mtx_r: !!opencv-matrix
   rows: 3
   cols: 3
   dt: d
   data: [ 510.51124483575444, 0., 339.21022659461079, 0.,
       516.2385231293548, 264.45792106235888, 0., 0., 1. ]
dist_r: !!opencv-matrix
   rows: 1
   cols: 5
   dt: d
   data: [ -0.001980182568382405, -1.740235555767214,
       0.062629497898502112, -0.12232492831230551, 3.7919252819454754 ]
R: !!opencv-matrix
   rows: 3
   cols: 3
   dt: d
   data: [ 0.99926752758388226, 0.020720835362065246,
       0.032172275304883848, -0.017558918833769213, 0.99526215582937194,
       -0.095629104059695505, -0.034001362998917525,
       0.094994148008017601, 0.99489698921971148 ]
T: !!opencv-matrix
   rows: 3
   cols: 1
   dt: d
   data: [ -3.5666446762074266, 0.14672584406089925, 3.3786377284066824 ]
E: !!opencv-matrix
   rows: 3
   cols: 3
   dt: d
   data: [ 0.054336346956566126, -3.348692172793164, 0.46907319940672543,
       3.2548921891426845, 0.40881856838203329, 3.6571425131290485,
       -0.083991947048971782, -3.5527867515777016, 0.33635453063553028 ]
F: !!opencv-matrix
   rows: 3
   cols: 3
   dt: d
   data: [ 4.7080175806161501e-07, -3.0210674372104692e-05,
       0.0089202495563075607, 2.7889398615561857e-05,
       3.6472934673654345e-06, 0.0027239995534544966,
       -0.0079068003361824069, -0.0070796622045490205, 1. ]
