%YAML:1.0
---
mtx_l: !!opencv-matrix
   rows: 3
   cols: 3
   dt: d
   data: [ 457.54612794811965, 0., 303.69387870109904, 0.,
       382.82338306133369, 222.59204040527962, 0., 0., 1. ]
dist_l: !!opencv-matrix
   rows: 1
   cols: 5
   dt: d
   data: [ -0.21077861887103932, -0.12612496561120559,
       -0.040704689184372263, -0.064243245651488576,
       0.036284085278258153 ]
mtx_r: !!opencv-matrix
   rows: 3
   cols: 3
   dt: d
   data: [ 471.61122775694639, 0., 260.81629011118895, 0.,
       406.19153413258118, 226.46993108091038, 0., 0., 1. ]
dist_r: !!opencv-matrix
   rows: 1
   cols: 5
   dt: d
   data: [ -0.35039997101086473, -0.37970718241855472,
       -0.1384620837267867, 0.13433178743783664, -0.27479546964068696 ]
R: !!opencv-matrix
   rows: 3
   cols: 3
   dt: d
   data: [ 0.9766975446950984, -0.074418079999616707,
       -0.20130537885445823, 0.09721490636468455, 0.98962091931232588,
       0.10582862580574606, 0.1913404509430035, -0.12293244253897201,
       0.97379486875025711 ]
T: !!opencv-matrix
   rows: 3
   cols: 1
   dt: d
   data: [ 6.9201964463683705, -3.0918541889107565, 4.5194229519458524 ]
E: !!opencv-matrix
   rows: 3
   cols: 3
   dt: d
   data: [ -1.0309520538520207, -4.0924263090487285, -3.4891160645246608,
       3.0899957919418934, 0.51438987321156771, -7.6486359397622765,
       3.6925526444233148, 6.6182813166994467, 0.10994800136354839 ]
F: !!opencv-matrix
   rows: 3
   cols: 3
   dt: d
   data: [ 1.2598319022986661e-05, 5.9771124847340996e-05,
       0.0023779159835072023, -4.384148839531808e-05,
       -8.7228065178170535e-06, 0.064909108442453595,
       -0.014637721703416198, -0.059200714948198681, 1. ]
