baseline: 3.5666446762074266
bottom_depth_cm: 152.6053924560547
focal_length_px: 426.4611225510785
plant_height_cm: 380.05548095703125
top_depth_cm: 532.660888671875
